-16
-16
-16
-16
-16
48
48
48
48
48
48
48
48
-32
-32
-32
-32
-32
-32
-32
-32
0
0
0
0
0
0
0
0
-64
-64
-64
-64
-64
-64
-64
-64
96
96
96
96
96
96
96
96
-96
-96
-96
-96
-96
-96
-96
-96
96
96
96
96
96
96
96
96
-48
-48
-48
-48
-48
-48
-48
-48
32
32
32
32
32
32
32
32
-32
-32
-32
-32
-32
-32
-32
-32
48
48
48
48
48
48
48
48
48
48
48
48
48
48
48
48
-112
-112
-112
-112
-112
-112
-112
-112
112
112
112
112
112
112
112
112
-16
-16
-16
-16
-16
-16
-16
-16
-128
-128
-128
-128
-128
-128
-128
-128
256
256
256
256
256
256
256
256
-272
-272
-272
-272
-272
-272
-272
-272
176
176
176
176
176
176
176
176
-64
-64
-64
-64
-64
-64
-64
-64
32
32
32
32
32
32
32
32
-16
-16
-16
-16
-16
-16
-16
-16
64
64
64
64
64
64
64
64
-80
-80
-80
-80
-80
-80
-80
-80
48
48
48
48
48
48
48
48
-80
-80
-80
-80
-80
-80
-80
-80
64
64
64
64
64
64
64
64
-144
-144
-144
-144
-144
-144
-144
-144
208
208
208
208
208
208
208
208
-224
-224
-224
-224
-224
-224
-224
-224
224
224
224
224
224
224
224
224
-160
-160
-160
-160
-160
-160
-160
-160
112
112
112
112
112
112
112
112
-32
-32
-32
-32
-32
-32
-32
-32
-48
-48
-48
-48
-48
-48
-48
-48
112
112
112
112
112
112
112
112
-112
-112
-112
-112
-112
-112
-112
-112
96
96
96
96
96
96
96
96
-48
-48
-48
-48
-48
-48
-48
-48
16
16
16
16
16
16
16
16
48
48
48
48
48
48
48
48
-32
-32
-32
-32
-32
-32
-32
-32
0
0
0
0
0
0
0
0
16
16
16
16
16
16
16
16
0
0
0
0
0
0
0
0
-80
-80
-80
-80
-80
-80
-80
-80
208
208
208
208
208
208
208
208
-240
-240
-240
-240
-240
-240
-240
-240
192
192
192
192
192
192
192
192
-128
-128
-128
-128
-128
-128
-128
-128
80
80
80
80
80
80
80
80
-32
-32
-32
-32
-32
-32
-32
-32
0
0
0
0
0
0
0
0
16
16
16
16
16
16
16
16
-32
-32
-32
-32
-32
-32
-32
-32
0
0
0
0
0
0
0
0
0
0
0
0
0
0
0
0
0
0
0
0
0
0
0
0
-48
-48
-48
-48
-48
-48
-48
-48
80
80
80
80
80
80
80
80
-48
-48
-48
-48
-48
-48
-48
-48
16
16
16
16
16
16
16
16
-16
-16
-16
-16
-16
-16
-16
-16
16
16
16
16
16
16
16
16
32
32
32
32
32
32
32
32
-32
-32
-32
-32
-32
-32
-32
-32
48
48
48
48
48
48
48
48
-32
-32
-32
-32
-32
-32
-32
-32
16
16
16
16
16
16
16
16
-16
-16
-16
-16
-16
-16
-16
-16
32
32
32
32
32
32
32
32
16
16
16
16
16
16
16
16
-16
-16
-16
-16
-16
-16
-16
-16
32
32
32
32
32
32
32
32
-16
-16
-16
-16
-16
-16
-16
-16
48
48
48
48
48
48
48
48
16
16
16
16
16
16
16
16
16
16
16
16
16
16
16
16
-48
-48
-48
-48
-48
-48
-48
-48
64
64
64
64
64
64
64
64
-48
-48
-48
-48
-48
-48
-48
-48
64
64
64
64
64
64
64
64
-112
-112
-112
-112
-112
-112
-112
-112
112
112
112
112
112
112
112
112
0
0
0
0
0
0
0
0
-48
-48
-48
-48
-48
-48
-48
-48
96
96
96
96
96
96
96
96
-96
-96
-96
-96
-96
-96
-96
-96
128
128
128
128
128
128
128
128
-176
-176
-176
-176
-176
-176
-176
-176
160
160
160
160
160
160
160
160
-32
-32
-32
-32
-32
-32
-32
-32
-64
-64
-64
-64
-64
-64
-64
-64
64
64
64
64
64
64
64
64
32
32
32
32
32
32
32
32
-160
-160
-160
-160
-160
-160
-160
-160
192
192
192
192
192
192
192
192
-144
-144
-144
-144
-144
-144
-144
-144
112
112
112
112
112
112
112
112
-64
-64
-64
-64
-64
-64
-64
-64
64
64
64
64
64
64
64
64
-80
-80
-80
-80
-80
-80
-80
-80
16
16
16
16
16
16
16
16
208
208
208
208
208
208
208
208
-2016
-2016
-2016
-2016
-2016
-2016
-2016
-2016
-4160
-4160
-4160
-4160
-4160
-4160
-4160
-4160
-176
-176
-176
-176
-176
-176
-176
-176
2592
2592
2592
2592
2592
2592
2592
2592
2288
2288
2288
2288
2288
2288
2288
2288
-1872
-1872
-1872
-1872
-1872
-1872
-1872
-1872
-5728
-5728
-5728
-5728
-5728
-5728
-5728
-5728
1056
1056
1056
1056
1056
1056
1056
1056
4416
4416
4416
4416
4416
4416
4416
4416
4144
4144
4144
4144
4144
4144
4144
4144
-544
-544
-544
-544
-544
-544
-544
-544
-6368
-6368
-6368
-6368
-6368
-6368
-6368
-6368
1744
1744
1744
1744
1744
1744
1744
1744
-1520
-1520
-1520
-1520
-1520
-1520
-1520
-1520
-7008
-7008
-7008
-7008
-7008
-7008
-7008
-7008
3648
3648
3648
3648
3648
3648
3648
3648
6096
6096
6096
6096
6096
6096
6096
6096
5968
5968
5968
5968
5968
5968
5968
5968
1376
1376
1376
1376
1376
1376
1376
1376
-7504
-7504
-7504
-7504
-7504
-7504
-7504
-7504
480
480
480
480
480
480
480
480
32
32
32
32
32
32
32
32
-6368
-6368
-6368
-6368
-6368
-6368
-6368
-6368
1328
1328
1328
1328
1328
1328
1328
1328
4432
4432
4432
4432
4432
4432
4432
4432
4304
4304
4304
4304
4304
4304
4304
4304
-640
-640
-640
-640
-640
-640
-640
-640
-6336
-6336
-6336
-6336
-6336
-6336
-6336
-6336
1584
1584
1584
1584
1584
1584
1584
1584
-1376
-1376
-1376
-1376
-1376
-1376
-1376
-1376
-6992
-6992
-6992
-6992
-6992
-6992
-6992
-6992
3632
3632
3632
3632
3632
3632
3632
3632
6000
6000
6000
6000
6000
6000
6000
6000
6096
6096
6096
6096
6096
6096
6096
6096
1280
1280
1280
1280
1280
1280
1280
1280
-7408
-7408
-7408
-7408
-7408
-7408
-7408
-7408
464
464
464
464
464
464
464
464
64
64
64
64
64
64
64
64
-6352
-6352
-6352
-6352
-6352
-6352
-6352
-6352
1312
1312
1312
1312
1312
1312
1312
1312
4480
4480
4480
4480
4480
4480
4480
4480
4208
4208
4208
4208
4208
4208
4208
4208
-416
-416
-416
-416
-416
-416
-416
-416
-6368
-6368
-6368
-6368
-6368
-6368
-6368
-6368
1568
1568
1568
1568
1568
1568
1568
1568
-1376
-1376
-1376
-1376
-1376
-1376
-1376
-1376
-6928
-6928
-6928
-6928
-6928
-6928
-6928
-6928
3408
3408
3408
3408
3408
3408
3408
3408
6016
6016
6016
6016
6016
6016
6016
6016
5936
5936
5936
5936
5936
5936
5936
5936
1296
1296
1296
1296
1296
1296
1296
1296
-7472
-7472
-7472
-7472
-7472
-7472
-7472
-7472
512
512
512
512
512
512
512
512
16
16
16
16
16
16
16
16
-6560
-6560
-6560
-6560
-6560
-6560
-6560
-6560
1600
1600
1600
1600
1600
1600
1600
1600
4400
4400
4400
4400
4400
4400
4400
4400
4400
4400
4400
4400
4400
4400
4400
4400
-480
-480
-480
-480
-480
-480
-480
-480
-6384
-6384
-6384
-6384
-6384
-6384
-6384
-6384
1536
1536
1536
1536
1536
1536
1536
1536
-1424
-1424
-1424
-1424
-1424
-1424
-1424
-1424
-7008
-7008
-7008
-7008
-7008
-7008
-7008
-7008
3552
3552
3552
3552
3552
3552
3552
3552
5952
5952
5952
5952
5952
5952
5952
5952
6112
6112
6112
6112
6112
6112
6112
6112
1136
1136
1136
1136
1136
1136
1136
1136
-7392
-7392
-7392
-7392
-7392
-7392
-7392
-7392
432
432
432
432
432
432
432
432
112
112
112
112
112
112
112
112
-6496
-6496
-6496
-6496
-6496
-6496
-6496
-6496
1392
1392
1392
1392
1392
1392
1392
1392
4400
4400
4400
4400
4400
4400
4400
4400
4176
4176
4176
4176
4176
4176
4176
4176
-576
-576
-576
-576
-576
-576
-576
-576
-6368
-6368
-6368
-6368
-6368
-6368
-6368
-6368
1808
1808
1808
1808
1808
1808
1808
1808
-1584
-1584
-1584
-1584
-1584
-1584
-1584
-1584
-6912
-6912
-6912
-6912
-6912
-6912
-6912
-6912
3568
3568
3568
3568
3568
3568
3568
3568
6112
6112
6112
6112
6112
6112
6112
6112
5952
5952
5952
5952
5952
5952
5952
5952
1344
1344
1344
1344
1344
1344
1344
1344
-7392
-7392
-7392
-7392
-7392
-7392
-7392
-7392
272
272
272
272
272
272
272
272
224
224
224
224
224
224
224
224
-6512
-6512
-6512
-6512
-6512
-6512
-6512
-6512
1424
1424
1424
1424
1424
1424
1424
1424
4224
4224
4224
4224
4224
4224
4224
4224
4256
4256
4256
4256
4256
4256
4256
4256
-752
-752
-752
-752
-752
-752
-752
-752
-6160
-6160
-6160
-6160
-6160
-6160
-6160
-6160
1600
1600
1600
1600
1600
1600
1600
1600
-1456
-1456
-1456
-1456
-1456
-1456
-1456
-1456
-6880
-6880
-6880
-6880
-6880
-6880
-6880
-6880
3408
3408
3408
3408
3408
3408
3408
3408
6208
6208
6208
6208
6208
6208
6208
6208
5824
5824
5824
5824
5824
5824
5824
5824
1456
1456
1456
1456
1456
1456
1456
1456
-7488
-7488
-7488
-7488
-7488
-7488
-7488
-7488
464
464
464
464
464
464
464
464
176
176
176
176
176
176
176
176
-6544
-6544
-6544
-6544
-6544
-6544
-6544
-6544
1536
1536
1536
1536
1536
1536
1536
1536
4256
4256
4256
4256
4256
4256
4256
4256
4352
4352
4352
4352
4352
4352
4352
4352
-544
-544
-544
-544
-544
-544
-544
-544
-6304
-6304
-6304
-6304
-6304
-6304
-6304
-6304
1568
1568
1568
1568
1568
1568
1568
1568
-1424
-1424
-1424
-1424
-1424
-1424
-1424
-1424
-6912
-6912
-6912
-6912
-6912
-6912
-6912
-6912
3568
3568
3568
3568
3568
3568
3568
3568
6048
6048
6048
6048
6048
6048
6048
6048
6048
6048
6048
6048
6048
6048
6048
6048
1328
1328
1328
1328
1328
1328
1328
1328
-7456
-7456
-7456
-7456
-7456
-7456
-7456
-7456
432
432
432
432
432
432
432
432
80
80
80
80
80
80
80
80
-6288
-6288
-6288
-6288
-6288
-6288
-6288
-6288
1152
1152
1152
1152
1152
1152
1152
1152
4528
4528
4528
4528
4528
4528
4528
4528
4016
4016
4016
4016
4016
4016
4016
4016
-400
-400
-400
-400
-400
-400
-400
-400
-6464
-6464
-6464
-6464
-6464
-6464
-6464
-6464
1792
1792
1792
1792
1792
1792
1792
1792
-1600
-1600
-1600
-1600
-1600
-1600
-1600
-1600
-6864
-6864
-6864
-6864
-6864
-6864
-6864
-6864
3520
3520
3520
3520
3520
3520
3520
3520
6128
6128
6128
6128
6128
6128
6128
6128
6064
6064
6064
6064
6064
6064
6064
6064
1312
1312
1312
1312
1312
1312
1312
1312
-7472
-7472
-7472
-7472
-7472
-7472
-7472
-7472
432
432
432
432
432
432
432
432
64
64
64
64
64
64
64
64
-6464
-6464
-6464
-6464
-6464
-6464
-6464
-6464
1456
1456
1456
1456
1456
1456
1456
1456
4240
4240
4240
4240
4240
4240
4240
4240
4288
4288
4288
4288
4288
4288
4288
4288
-592
-592
-592
-592
-592
-592
-592
-592
-6304
-6304
-6304
-6304
-6304
-6304
-6304
-6304
1696
1696
1696
1696
1696
1696
1696
1696
-1536
-1536
-1536
-1536
-1536
-1536
-1536
-1536
-6832
-6832
-6832
-6832
-6832
-6832
-6832
-6832
3488
3488
3488
3488
3488
3488
3488
3488
6096
6096
6096
6096
6096
6096
6096
6096
5984
5984
5984
5984
5984
5984
5984
5984
1312
1312
1312
1312
1312
1312
1312
1312
-7456
-7456
-7456
-7456
-7456
-7456
-7456
-7456
464
464
464
464
464
464
464
464
48
48
48
48
48
48
48
48
-6432
-6432
-6432
-6432
-6432
-6432
-6432
-6432
1424
1424
1424
1424
1424
1424
1424
1424
4336
4336
4336
4336
4336
4336
4336
4336
4224
4224
4224
4224
4224
4224
4224
4224
-608
-608
-608
-608
-608
-608
-608
-608
-6304
-6304
-6304
-6304
-6304
-6304
-6304
-6304
1680
1680
1680
1680
1680
1680
1680
1680
-1568
-1568
-1568
-1568
-1568
-1568
-1568
-1568
-6944
-6944
-6944
-6944
-6944
-6944
-6944
-6944
3536
3536
3536
3536
3536
3536
3536
3536
6112
6112
6112
6112
6112
6112
6112
6112
5984
5984
5984
5984
5984
5984
5984
5984
1344
1344
1344
1344
1344
1344
1344
1344
-7136
-7136
-7136
-7136
-7136
-7136
-7136
-7136
-2784
-2784
-2784
-2784
-2784
-2784
-2784
-2784
-2864
-2864
-2864
-2864
-2864
-2864
-2864
-2864
-2896
-2896
-2896
-2896
-2896
-2896
-2896
-2896
-6032
-6032
-6032
-6032
-6032
-6032
-6032
-6032
-7008
-7008
-7008
-7008
-7008
-7008
-7008
-7008
4528
4528
4528
4528
4528
4528
4528
4528
1248
1248
1248
1248
1248
1248
1248
1248
-5456
-5456
-5456
-5456
-5456
-5456
-5456
-5456
2960
2960
2960
2960
2960
2960
2960
2960
3552
3552
3552
3552
3552
3552
3552
3552
-6032
-6032
-6032
-6032
-6032
-6032
-6032
-6032
-1536
-1536
-1536
-1536
-1536
-1536
-1536
-1536
1200
1200
1200
1200
1200
1200
1200
1200
-6528
-6528
-6528
-6528
-6528
-6528
-6528
-6528
-5792
-5792
-5792
-5792
-5792
-5792
-5792
-5792
-4016
-4016
-4016
-4016
-4016
-4016
-4016
-4016
1520
1520
1520
1520
1520
1520
1520
1520
6992
6992
6992
6992
6992
6992
6992
6992
-4720
-4720
-4720
-4720
-4720
-4720
-4720
-4720
-3328
-3328
-3328
-3328
-3328
-3328
-3328
-3328
5840
5840
5840
5840
5840
5840
5840
5840
-1200
-1200
-1200
-1200
-1200
-1200
-1200
-1200
2400
2400
2400
2400
2400
2400
2400
2400
4064
4064
4064
4064
4064
4064
4064
4064
3120
3120
3120
3120
3120
3120
3120
3120
5248
5248
5248
5248
5248
5248
5248
5248
-176
-176
-176
-176
-176
-176
-176
-176
3280
3280
3280
3280
3280
3280
3280
3280
3504
3504
3504
3504
3504
3504
3504
3504
-2096
-2096
-2096
-2096
-2096
-2096
-2096
-2096
4272
4272
4272
4272
4272
4272
4272
4272
6832
6832
6832
6832
6832
6832
6832
6832
6176
6176
6176
6176
6176
6176
6176
6176
-1392
-1392
-1392
-1392
-1392
-1392
-1392
-1392
-7088
-7088
-7088
-7088
-7088
-7088
-7088
-7088
3904
3904
3904
3904
3904
3904
3904
3904
5584
5584
5584
5584
5584
5584
5584
5584
-784
-784
-784
-784
-784
-784
-784
-784
-5408
-5408
-5408
-5408
-5408
-5408
-5408
-5408
-7568
-7568
-7568
-7568
-7568
-7568
-7568
-7568
-1408
-1408
-1408
-1408
-1408
-1408
-1408
-1408
3680
3680
3680
3680
3680
3680
3680
3680
-2656
-2656
-2656
-2656
-2656
-2656
-2656
-2656
-7712
-7712
-7712
-7712
-7712
-7712
-7712
-7712
-4160
-4160
-4160
-4160
-4160
-4160
-4160
-4160
16
16
16
16
16
16
16
16
5184
5184
5184
5184
5184
5184
5184
5184
6336
6336
6336
6336
6336
6336
6336
6336
32
32
32
32
32
32
32
32
3488
3488
3488
3488
3488
3488
3488
3488
3648
3648
3648
3648
3648
3648
3648
3648
-2560
-2560
-2560
-2560
-2560
-2560
-2560
-2560
4448
4448
4448
4448
4448
4448
4448
4448
5856
5856
5856
5856
5856
5856
5856
5856
2192
2192
2192
2192
2192
2192
2192
2192
-864
-864
-864
-864
-864
-864
-864
-864
-7136
-7136
-7136
-7136
-7136
-7136
-7136
-7136
-7008
-7008
-7008
-7008
-7008
-7008
-7008
-7008
-5088
-5088
-5088
-5088
-5088
-5088
-5088
-5088
-3296
-3296
-3296
-3296
-3296
-3296
-3296
-3296
1744
1744
1744
1744
1744
1744
1744
1744
2288
2288
2288
2288
2288
2288
2288
2288
6096
6096
6096
6096
6096
6096
6096
6096
7872
7872
7872
7872
7872
7872
7872
7872
-1456
-1456
-1456
-1456
-1456
-1456
-1456
-1456
-6400
-6400
-6400
-6400
-6400
-6400
-6400
-6400
-1888
-1888
-1888
-1888
-1888
-1888
-1888
-1888
-6448
-6448
-6448
-6448
-6448
-6448
-6448
-6448
-6864
-6864
-6864
-6864
-6864
-6864
-6864
-6864
4368
4368
4368
4368
4368
4368
4368
4368
1408
1408
1408
1408
1408
1408
1408
1408
-5568
-5568
-5568
-5568
-5568
-5568
-5568
-5568
3136
3136
3136
3136
3136
3136
3136
3136
3408
3408
3408
3408
3408
3408
3408
3408
-5968
-5968
-5968
-5968
-5968
-5968
-5968
-5968
-1504
-1504
-1504
-1504
-1504
-1504
-1504
-1504
1040
1040
1040
1040
1040
1040
1040
1040
-6336
-6336
-6336
-6336
-6336
-6336
-6336
-6336
-5952
-5952
-5952
-5952
-5952
-5952
-5952
-5952
-3904
-3904
-3904
-3904
-3904
-3904
-3904
-3904
1632
1632
1632
1632
1632
1632
1632
1632
6928
6928
6928
6928
6928
6928
6928
6928
-4736
-4736
-4736
-4736
-4736
-4736
-4736
-4736
-3280
-3280
-3280
-3280
-3280
-3280
-3280
-3280
5792
5792
5792
5792
5792
5792
5792
5792
-1088
-1088
-1088
-1088
-1088
-1088
-1088
-1088
2160
2160
2160
2160
2160
2160
2160
2160
4336
4336
4336
4336
4336
4336
4336
4336
2896
2896
2896
2896
2896
2896
2896
2896
5312
5312
5312
5312
5312
5312
5312
5312
-160
-160
-160
-160
-160
-160
-160
-160
3344
3344
3344
3344
3344
3344
3344
3344
3488
3488
3488
3488
3488
3488
3488
3488
-2256
-2256
-2256
-2256
-2256
-2256
-2256
-2256
4368
4368
4368
4368
4368
4368
4368
4368
6816
6816
6816
6816
6816
6816
6816
6816
6160
6160
6160
6160
6160
6160
6160
6160
-1344
-1344
-1344
-1344
-1344
-1344
-1344
-1344
-7104
-7104
-7104
-7104
-7104
-7104
-7104
-7104
3776
3776
3776
3776
3776
3776
3776
3776
5728
5728
5728
5728
5728
5728
5728
5728
-1024
-1024
-1024
-1024
-1024
-1024
-1024
-1024
-5312
-5312
-5312
-5312
-5312
-5312
-5312
-5312
-7616
-7616
-7616
-7616
-7616
-7616
-7616
-7616
-1312
-1312
-1312
-1312
-1312
-1312
-1312
-1312
3792
3792
3792
3792
3792
3792
3792
3792
-2720
-2720
-2720
-2720
-2720
-2720
-2720
-2720
-7680
-7680
-7680
-7680
-7680
-7680
-7680
-7680
-4176
-4176
-4176
-4176
-4176
-4176
-4176
-4176
112
112
112
112
112
112
112
112
5216
5216
5216
5216
5216
5216
5216
5216
6256
6256
6256
6256
6256
6256
6256
6256
272
272
272
272
272
272
272
272
3264
3264
3264
3264
3264
3264
3264
3264
3744
3744
3744
3744
3744
3744
3744
3744
-2432
-2432
-2432
-2432
-2432
-2432
-2432
-2432
4432
4432
4432
4432
4432
4432
4432
4432
5856
5856
5856
5856
5856
5856
5856
5856
2160
2160
2160
2160
2160
2160
2160
2160
-880
-880
-880
-880
-880
-880
-880
-880
-7040
-7040
-7040
-7040
-7040
-7040
-7040
-7040
-7168
-7168
-7168
-7168
-7168
-7168
-7168
-7168
-4912
-4912
-4912
-4912
-4912
-4912
-4912
-4912
-3424
-3424
-3424
-3424
-3424
-3424
-3424
-3424
1856
1856
1856
1856
1856
1856
1856
1856
2320
2320
2320
2320
2320
2320
2320
2320
6128
6128
6128
6128
6128
6128
6128
6128
7936
7936
7936
7936
7936
7936
7936
7936
-1440
-1440
-1440
-1440
-1440
-1440
-1440
-1440
-6432
-6432
-6432
-6432
-6432
-6432
-6432
-6432
-1776
-1776
-1776
-1776
-1776
-1776
-1776
-1776
-6592
-6592
-6592
-6592
-6592
-6592
-6592
-6592
-6736
-6736
-6736
-6736
-6736
-6736
-6736
-6736
4304
4304
4304
4304
4304
4304
4304
4304
1440
1440
1440
1440
1440
1440
1440
1440
-5488
-5488
-5488
-5488
-5488
-5488
-5488
-5488
3152
3152
3152
3152
3152
3152
3152
3152
3520
3520
3520
3520
3520
3520
3520
3520
-6032
-6032
-6032
-6032
-6032
-6032
-6032
-6032
-1392
-1392
-1392
-1392
-1392
-1392
-1392
-1392
1056
1056
1056
1056
1056
1056
1056
1056
-6304
-6304
-6304
-6304
-6304
-6304
-6304
-6304
-5984
-5984
-5984
-5984
-5984
-5984
-5984
-5984
-3872
-3872
-3872
-3872
-3872
-3872
-3872
-3872
1504
1504
1504
1504
1504
1504
1504
1504
6896
6896
6896
6896
6896
6896
6896
6896
-4688
-4688
-4688
-4688
-4688
-4688
-4688
-4688
-3424
-3424
-3424
-3424
-3424
-3424
-3424
-3424
5888
5888
5888
5888
5888
5888
5888
5888
-976
-976
-976
-976
-976
-976
-976
-976
2336
2336
2336
2336
2336
2336
2336
2336
4384
4384
4384
4384
4384
4384
4384
4384
2784
2784
2784
2784
2784
2784
2784
2784
5408
5408
5408
5408
5408
5408
5408
5408
-32
-32
-32
-32
-32
-32
-32
-32
3360
3360
3360
3360
3360
3360
3360
3360
3504
3504
3504
3504
3504
3504
3504
3504
-2304
-2304
-2304
-2304
-2304
-2304
-2304
-2304
4128
4128
4128
4128
4128
4128
4128
4128
7840
7840
7840
7840
7840
7840
7840
7840
-1552
-1552
-1552
-1552
-1552
-1552
-1552
-1552
-4880
-4880
-4880
-4880
-4880
-4880
-4880
-4880
-5664
-5664
-5664
-5664
-5664
-5664
-5664
-5664
-3488
-3488
-3488
-3488
-3488
-3488
-3488
-3488
-1776
-1776
-1776
-1776
-1776
-1776
-1776
-1776
-2608
-2608
-2608
-2608
-2608
-2608
-2608
-2608
4752
4752
4752
4752
4752
4752
4752
4752
1440
1440
1440
1440
1440
1440
1440
1440
-2432
-2432
-2432
-2432
-2432
-2432
-2432
-2432
-4128
-4128
-4128
-4128
-4128
-4128
-4128
-4128
-6848
-6848
-6848
-6848
-6848
-6848
-6848
-6848
2320
2320
2320
2320
2320
2320
2320
2320
5280
5280
5280
5280
5280
5280
5280
5280
-1216
-1216
-1216
-1216
-1216
-1216
-1216
-1216
-4720
-4720
-4720
-4720
-4720
-4720
-4720
-4720
1632
1632
1632
1632
1632
1632
1632
1632
4592
4592
4592
4592
4592
4592
4592
4592
-6816
-6816
-6816
-6816
-6816
-6816
-6816
-6816
-6064
-6064
-6064
-6064
-6064
-6064
-6064
-6064
3088
3088
3088
3088
3088
3088
3088
3088
-2400
-2400
-2400
-2400
-2400
-2400
-2400
-2400
-5088
-5088
-5088
-5088
-5088
-5088
-5088
-5088
4240
4240
4240
4240
4240
4240
4240
4240
7296
7296
7296
7296
7296
7296
7296
7296
1232
1232
1232
1232
1232
1232
1232
1232
3136
3136
3136
3136
3136
3136
3136
3136
6704
6704
6704
6704
6704
6704
6704
6704
-928
-928
-928
-928
-928
-928
-928
-928
-4512
-4512
-4512
-4512
-4512
-4512
-4512
-4512
-1104
-1104
-1104
-1104
-1104
-1104
-1104
-1104
2048
2048
2048
2048
2048
2048
2048
2048
-1008
-1008
-1008
-1008
-1008
-1008
-1008
-1008
-800
-800
-800
-800
-800
-800
-800
-800
2176
2176
2176
2176
2176
2176
2176
2176
3392
3392
3392
3392
3392
3392
3392
3392
7056
7056
7056
7056
7056
7056
7056
7056
6080
6080
6080
6080
6080
6080
6080
6080
3936
3936
3936
3936
3936
3936
3936
3936
4560
4560
4560
4560
4560
4560
4560
4560
-48
-48
-48
-48
-48
-48
-48
-48
2528
2528
2528
2528
2528
2528
2528
2528
1856
1856
1856
1856
1856
1856
1856
1856
-3344
-3344
-3344
-3344
-3344
-3344
-3344
-3344
-32
-32
-32
-32
-32
-32
-32
-32
-1696
-1696
-1696
-1696
-1696
-1696
-1696
-1696
1504
1504
1504
1504
1504
1504
1504
1504
7520
7520
7520
7520
7520
7520
7520
7520
-3936
-3936
-3936
-3936
-3936
-3936
-3936
-3936
-9040
-9040
-9040
-9040
-9040
-9040
-9040
-9040
1584
1584
1584
1584
1584
1584
1584
1584
-2784
-2784
-2784
-2784
-2784
-2784
-2784
-2784
-7600
-7600
-7600
-7600
-7600
-7600
-7600
-7600
256
256
256
256
256
256
256
256
-5728
-5728
-5728
-5728
-5728
-5728
-5728
-5728
-3072
-3072
-3072
-3072
-3072
-3072
-3072
-3072
7408
7408
7408
7408
7408
7408
7408
7408
-1264
-1264
-1264
-1264
-1264
-1264
-1264
-1264
4384
4384
4384
4384
4384
4384
4384
4384
4560
4560
4560
4560
4560
4560
4560
4560
-8640
-8640
-8640
-8640
-8640
-8640
-8640
-8640
-4832
-4832
-4832
-4832
-4832
-4832
-4832
-4832
2032
2032
2032
2032
2032
2032
2032
2032
7632
7632
7632
7632
7632
7632
7632
7632
4272
4272
4272
4272
4272
4272
4272
4272
-5408
-5408
-5408
-5408
-5408
-5408
-5408
-5408
-3792
-3792
-3792
-3792
-3792
-3792
-3792
-3792
-6080
-6080
-6080
-6080
-6080
-6080
-6080
-6080
-3280
-3280
-3280
-3280
-3280
-3280
-3280
-3280
-1984
-1984
-1984
-1984
-1984
-1984
-1984
-1984
-2560
-2560
-2560
-2560
-2560
-2560
-2560
-2560
4608
4608
4608
4608
4608
4608
4608
4608
1568
1568
1568
1568
1568
1568
1568
1568
-2384
-2384
-2384
-2384
-2384
-2384
-2384
-2384
-4224
-4224
-4224
-4224
-4224
-4224
-4224
-4224
-6752
-6752
-6752
-6752
-6752
-6752
-6752
-6752
2288
2288
2288
2288
2288
2288
2288
2288
5280
5280
5280
5280
5280
5280
5280
5280
-1136
-1136
-1136
-1136
-1136
-1136
-1136
-1136
-4848
-4848
-4848
-4848
-4848
-4848
-4848
-4848
2000
2000
2000
2000
2000
2000
2000
2000
2672
2672
2672
2672
2672
2672
2672
2672
-1552
-1552
-1552
-1552
-1552
-1552
-1552
-1552
2128
2128
2128
2128
2128
2128
2128
2128
2800
2800
2800
2800
2800
2800
2800
2800
2016
2016
2016
2016
2016
2016
2016
2016
960
960
960
960
960
960
960
960
944
944
944
944
944
944
944
944
2176
2176
2176
2176
2176
2176
2176
2176
-1264
-1264
-1264
-1264
-1264
-1264
-1264
-1264
-7536
-7536
-7536
-7536
-7536
-7536
-7536
-7536
-3600
-3600
-3600
-3600
-3600
-3600
-3600
-3600
-1312
-1312
-1312
-1312
-1312
-1312
-1312
-1312
-1728
-1728
-1728
-1728
-1728
-1728
-1728
-1728
2528
2528
2528
2528
2528
2528
2528
2528
-1440
-1440
-1440
-1440
-1440
-1440
-1440
-1440
-416
-416
-416
-416
-416
-416
-416
-416
3136
3136
3136
3136
3136
3136
3136
3136
2288
2288
2288
2288
2288
2288
2288
2288
2720
2720
2720
2720
2720
2720
2720
2720
-3152
-3152
-3152
-3152
-3152
-3152
-3152
-3152
-6224
-6224
-6224
-6224
-6224
-6224
-6224
-6224
-3600
-3600
-3600
-3600
-3600
-3600
-3600
-3600
1952
1952
1952
1952
1952
1952
1952
1952
9440
9440
9440
9440
9440
9440
9440
9440
8464
8464
8464
8464
8464
8464
8464
8464
3312
3312
3312
3312
3312
3312
3312
3312
-7536
-7536
-7536
-7536
-7536
-7536
-7536
-7536
-2064
-2064
-2064
-2064
-2064
-2064
-2064
-2064
7440
7440
7440
7440
7440
7440
7440
7440
-7200
-7200
-7200
-7200
-7200
-7200
-7200
-7200
-5824
-5824
-5824
-5824
-5824
-5824
-5824
-5824
896
896
896
896
896
896
896
896
-5328
-5328
-5328
-5328
-5328
-5328
-5328
-5328
4080
4080
4080
4080
4080
4080
4080
4080
2960
2960
2960
2960
2960
2960
2960
2960
-6064
-6064
-6064
-6064
-6064
-6064
-6064
-6064
3600
3600
3600
3600
3600
3600
3600
3600
12880
12880
12880
12880
12880
12880
12880
12880
8800
8800
8800
8800
8800
8800
8800
8800
-848
-848
-848
-848
-848
-848
-848
-848
3424
3424
3424
3424
3424
3424
3424
3424
4592
4592
4592
4592
4592
4592
4592
4592
-3680
-3680
-3680
-3680
-3680
-3680
-3680
-3680
-1248
-1248
-1248
-1248
-1248
-1248
-1248
-1248
5712
5712
5712
5712
5712
5712
5712
5712
7488
7488
7488
7488
7488
7488
7488
7488
1728
1728
1728
1728
1728
1728
1728
1728
-2912
-2912
-2912
-2912
-2912
-2912
-2912
-2912
-2352
-2352
-2352
-2352
-2352
-2352
-2352
-2352
-2208
-2208
-2208
-2208
-2208
-2208
-2208
-2208
-880
-880
-880
-880
-880
-880
-880
-880
-528
-528
-528
-528
-528
-528
-528
-528
1760
1760
1760
1760
1760
1760
1760
1760
-592
-592
-592
-592
-592
-592
-592
-592
-5520
-5520
-5520
-5520
-5520
-5520
-5520
-5520
1072
1072
1072
1072
1072
1072
1072
1072
-944
-944
-944
-944
-944
-944
-944
-944
-5152
-5152
-5152
-5152
-5152
-5152
-5152
-5152
-5776
-5776
-5776
-5776
-5776
-5776
-5776
-5776
-9776
-9776
-9776
-9776
-9776
-9776
-9776
-9776
-5712
-5712
-5712
-5712
-5712
-5712
-5712
-5712
-1760
-1760
-1760
-1760
-1760
-1760
-1760
-1760
-1696
-1696
-1696
-1696
-1696
-1696
-1696
-1696
3024
3024
3024
3024
3024
3024
3024
3024
1216
1216
1216
1216
1216
1216
1216
1216
-1040
-1040
-1040
-1040
-1040
-1040
-1040
-1040
1936
1936
1936
1936
1936
1936
1936
1936
2784
2784
2784
2784
2784
2784
2784
2784
1920
1920
1920
1920
1920
1920
1920
1920
1152
1152
1152
1152
1152
1152
1152
1152
832
832
832
832
832
832
832
832
2208
2208
2208
2208
2208
2208
2208
2208
-1168
-1168
-1168
-1168
-1168
-1168
-1168
-1168
-7552
-7552
-7552
-7552
-7552
-7552
-7552
-7552
-3360
-3360
-3360
-3360
-3360
-3360
-3360
-3360
-1632
-1632
-1632
-1632
-1632
-1632
-1632
-1632
-1456
-1456
-1456
-1456
-1456
-1456
-1456
-1456
2320
2320
2320
2320
2320
2320
2320
2320
-1536
-1536
-1536
-1536
-1536
-1536
-1536
-1536
432
432
432
432
432
432
432
432
-2624
-2624
-2624
-2624
-2624
-2624
-2624
-2624
-3824
-3824
-3824
-3824
-3824
-3824
-3824
-3824
4896
4896
4896
4896
4896
4896
4896
4896
3808
3808
3808
3808
3808
3808
3808
3808
-3616
-3616
-3616
-3616
-3616
-3616
-3616
-3616
-7040
-7040
-7040
-7040
-7040
-7040
-7040
-7040
-2528
-2528
-2528
-2528
-2528
-2528
-2528
-2528
-1392
-1392
-1392
-1392
-1392
-1392
-1392
-1392
-5040
-5040
-5040
-5040
-5040
-5040
-5040
-5040
-1168
-1168
-1168
-1168
-1168
-1168
-1168
-1168
-1376
-1376
-1376
-1376
-1376
-1376
-1376
-1376
-6192
-6192
-6192
-6192
-6192
-6192
-6192
-6192
-2512
-2512
-2512
-2512
-2512
-2512
-2512
-2512
2000
2000
2000
2000
2000
2000
2000
2000
6976
6976
6976
6976
6976
6976
6976
6976
5504
5504
5504
5504
5504
5504
5504
5504
-4112
-4112
-4112
-4112
-4112
-4112
-4112
-4112
224
224
224
224
224
224
224
224
3872
3872
3872
3872
3872
3872
3872
3872
2992
2992
2992
2992
2992
2992
2992
2992
1024
1024
1024
1024
1024
1024
1024
1024
-2384
-2384
-2384
-2384
-2384
-2384
-2384
-2384
672
672
672
672
672
672
672
672
-3616
-3616
-3616
-3616
-3616
-3616
-3616
-3616
16
16
16
16
16
16
16
16
8896
8896
8896
8896
8896
8896
8896
8896
4624
4624
4624
4624
4624
4624
4624
4624
5440
5440
5440
5440
5440
5440
5440
5440
3344
3344
3344
3344
3344
3344
3344
3344
-1456
-1456
-1456
-1456
-1456
-1456
-1456
-1456
-368
-368
-368
-368
-368
-368
-368
-368
-6000
-6000
-6000
-6000
-6000
-6000
-6000
-6000
-3600
-3600
-3600
-3600
-3600
-3600
-3600
-3600
112
112
112
112
112
112
112
112
2592
2592
2592
2592
2592
2592
2592
2592
6000
6000
6000
6000
6000
6000
6000
6000
-1552
-1552
-1552
-1552
-1552
-1552
-1552
-1552
-4560
-4560
-4560
-4560
-4560
-4560
-4560
-4560
-6576
-6576
-6576
-6576
-6576
-6576
-6576
-6576
-4992
-4992
-4992
-4992
-4992
-4992
-4992
-4992
8000
8000
8000
8000
8000
8000
8000
8000
2640
2640
2640
2640
2640
2640
2640
2640
-1280
-1280
-1280
-1280
-1280
-1280
-1280
-1280
12640
12640
12640
12640
12640
12640
12640
12640
8416
8416
8416
8416
8416
8416
8416
8416
-3440
-3440
-3440
-3440
-3440
-3440
-3440
-3440
4336
4336
4336
4336
4336
4336
4336
4336
6288
6288
6288
6288
6288
6288
6288
6288
-1936
-1936
-1936
-1936
-1936
-1936
-1936
-1936
1232
1232
1232
1232
1232
1232
1232
1232
-2464
-2464
-2464
-2464
-2464
-2464
-2464
-2464
-8288
-8288
-8288
-8288
-8288
-8288
-8288
-8288
-768
-768
-768
-768
-768
-768
-768
-768
-1616
-1616
-1616
-1616
-1616
-1616
-1616
-1616
-656
-656
-656
-656
-656
-656
-656
-656
720
720
720
720
720
720
720
720
-6624
-6624
-6624
-6624
-6624
-6624
-6624
-6624
528
528
528
528
528
528
528
528
3360
3360
3360
3360
3360
3360
3360
3360
-3504
-3504
-3504
-3504
-3504
-3504
-3504
-3504
-976
-976
-976
-976
-976
-976
-976
-976
-1296
-1296
-1296
-1296
-1296
-1296
-1296
-1296
-2320
-2320
-2320
-2320
-2320
-2320
-2320
-2320
-784
-784
-784
-784
-784
-784
-784
-784
-5616
-5616
-5616
-5616
-5616
-5616
-5616
-5616
-3120
-3120
-3120
-3120
-3120
-3120
-3120
-3120
4784
4784
4784
4784
4784
4784
4784
4784
3792
3792
3792
3792
3792
3792
3792
3792
-3520
-3520
-3520
-3520
-3520
-3520
-3520
-3520
-7120
-7120
-7120
-7120
-7120
-7120
-7120
-7120
-2464
-2464
-2464
-2464
-2464
-2464
-2464
-2464
-1504
-1504
-1504
-1504
-1504
-1504
-1504
-1504
-5024
-5024
-5024
-5024
-5024
-5024
-5024
-5024
-1136
-1136
-1136
-1136
-1136
-1136
-1136
-1136
-1344
-1344
-1344
-1344
-1344
-1344
-1344
-1344
-6096
-6096
-6096
-6096
-6096
-6096
-6096
-6096
-2576
-2576
-2576
-2576
-2576
-2576
-2576
-2576
2016
2016
2016
2016
2016
2016
2016
2016
7088
7088
7088
7088
7088
7088
7088
7088
5056
5056
5056
5056
5056
5056
5056
5056
-128
-128
-128
-128
-128
-128
-128
-128
928
928
928
928
928
928
928
928
864
864
864
864
864
864
864
864
4304
4304
4304
4304
4304
4304
4304
4304
608
608
608
608
608
608
608
608
-4256
-4256
-4256
-4256
-4256
-4256
-4256
-4256
688
688
688
688
688
688
688
688
-3936
-3936
-3936
-3936
-3936
-3936
-3936
-3936
-4688
-4688
-4688
-4688
-4688
-4688
-4688
-4688
4752
4752
4752
4752
4752
4752
4752
4752
5408
5408
5408
5408
5408
5408
5408
5408
3840
3840
3840
3840
3840
3840
3840
3840
2640
2640
2640
2640
2640
2640
2640
2640
-3952
-3952
-3952
-3952
-3952
-3952
-3952
-3952
-2176
-2176
-2176
-2176
-2176
-2176
-2176
-2176
8320
8320
8320
8320
8320
8320
8320
8320
7504
7504
7504
7504
7504
7504
7504
7504
1376
1376
1376
1376
1376
1376
1376
1376
-2400
-2400
-2400
-2400
-2400
-2400
-2400
-2400
-3344
-3344
-3344
-3344
-3344
-3344
-3344
-3344
4368
4368
4368
4368
4368
4368
4368
4368
2096
2096
2096
2096
2096
2096
2096
2096
-4544
-4544
-4544
-4544
-4544
-4544
-4544
-4544
-1792
-1792
-1792
-1792
-1792
-1792
-1792
-1792
3312
3312
3312
3312
3312
3312
3312
3312
10464
10464
10464
10464
10464
10464
10464
10464
912
912
912
912
912
912
912
912
-4384
-4384
-4384
-4384
-4384
-4384
-4384
-4384
6848
6848
6848
6848
6848
6848
6848
6848
-4192
-4192
-4192
-4192
-4192
-4192
-4192
-4192
-9456
-9456
-9456
-9456
-9456
-9456
-9456
-9456
4992
4992
4992
4992
4992
4992
4992
4992
6512
6512
6512
6512
6512
6512
6512
6512
-1008
-1008
-1008
-1008
-1008
-1008
-1008
-1008
-4096
-4096
-4096
-4096
-4096
-4096
-4096
-4096
32
32
32
32
32
32
32
32
-4064
-4064
-4064
-4064
-4064
-4064
-4064
-4064
-3776
-3776
-3776
-3776
-3776
-3776
-3776
-3776
1424
1424
1424
1424
1424
1424
1424
1424
-6480
-6480
-6480
-6480
-6480
-6480
-6480
-6480
-2544
-2544
-2544
-2544
-2544
-2544
-2544
-2544
2960
2960
2960
2960
2960
2960
2960
2960
-848
-848
-848
-848
-848
-848
-848
-848
1408
1408
1408
1408
1408
1408
1408
1408
-4928
-4928
-4928
-4928
-4928
-4928
-4928
-4928
-2656
-2656
-2656
-2656
-2656
-2656
-2656
-2656
5136
5136
5136
5136
5136
5136
5136
5136
-1376
-1376
-1376
-1376
-1376
-1376
-1376
-1376
880
880
880
880
880
880
880
880
4544
4544
4544
4544
4544
4544
4544
4544
-1392
-1392
-1392
-1392
-1392
-1392
-1392
-1392
480
480
480
480
480
480
480
480
4528
4528
4528
4528
4528
4528
4528
4528
1744
1744
1744
1744
1744
1744
1744
1744
1088
1088
1088
1088
1088
1088
1088
1088
1472
1472
1472
1472
1472
1472
1472
1472
-3152
-3152
-3152
-3152
-3152
-3152
-3152
-3152
-2864
-2864
-2864
-2864
-2864
-2864
-2864
-2864
-7120
-7120
-7120
-7120
-7120
-7120
-7120
-7120
-12112
-12112
-12112
-12112
-12112
-12112
-12112
-12112
-3728
-3728
-3728
-3728
-3728
-3728
-3728
-3728
3968
3968
3968
3968
3968
3968
3968
3968
3712
3712
3712
3712
3712
3712
3712
3712
352
352
352
352
352
352
352
352
-464
-464
-464
-464
-464
-464
-464
-464
1040
1040
1040
1040
1040
1040
1040
1040
688
688
688
688
688
688
688
688
4416
4416
4416
4416
4416
4416
4416
4416
544
544
544
544
544
544
544
544
-4352
-4352
-4352
-4352
-4352
-4352
-4352
-4352
704
704
704
704
704
704
704
704
-3920
-3920
-3920
-3920
-3920
-3920
-3920
-3920
-4704
-4704
-4704
-4704
-4704
-4704
-4704
-4704
4768
4768
4768
4768
4768
4768
4768
4768
5328
5328
5328
5328
5328
5328
5328
5328
3840
3840
3840
3840
3840
3840
3840
3840
2704
2704
2704
2704
2704
2704
2704
2704
-4032
-4032
-4032
-4032
-4032
-4032
-4032
-4032
-2160
-2160
-2160
-2160
-2160
-2160
-2160
-2160
8688
8688
8688
8688
8688
8688
8688
8688
4848
4848
4848
4848
4848
4848
4848
4848
3536
3536
3536
3536
3536
3536
3536
3536
9312
9312
9312
9312
9312
9312
9312
9312
160
160
160
160
160
160
160
160
2064
2064
2064
2064
2064
2064
2064
2064
9920
9920
9920
9920
9920
9920
9920
9920
3504
3504
3504
3504
3504
3504
3504
3504
1216
1216
1216
1216
1216
1216
1216
1216
832
832
832
832
832
832
832
832
-8480
-8480
-8480
-8480
-8480
-8480
-8480
-8480
-5088
-5088
-5088
-5088
-5088
-5088
-5088
-5088
224
224
224
224
224
224
224
224
-2752
-2752
-2752
-2752
-2752
-2752
-2752
-2752
736
736
736
736
736
736
736
736
-5616
-5616
-5616
-5616
-5616
-5616
-5616
-5616
-4080
-4080
-4080
-4080
-4080
-4080
-4080
-4080
7456
7456
7456
7456
7456
7456
7456
7456
1424
1424
1424
1424
1424
1424
1424
1424
-368
-368
-368
-368
-368
-368
-368
-368
1808
1808
1808
1808
1808
1808
1808
1808
160
160
160
160
160
160
160
160
6912
6912
6912
6912
6912
6912
6912
6912
4864
4864
4864
4864
4864
4864
4864
4864
2976
2976
2976
2976
2976
2976
2976
2976
-784
-784
-784
-784
-784
-784
-784
-784
-6016
-6016
-6016
-6016
-6016
-6016
-6016
-6016
1984
1984
1984
1984
1984
1984
1984
1984
-912
-912
-912
-912
-912
-912
-912
-912
848
848
848
848
848
848
848
848
9248
9248
9248
9248
9248
9248
9248
9248
-160
-160
-160
-160
-160
-160
-160
-160
-2496
-2496
-2496
-2496
-2496
-2496
-2496
-2496
272
272
272
272
272
272
272
272
-7488
-7488
-7488
-7488
-7488
-7488
-7488
-7488
-7808
-7808
-7808
-7808
-7808
-7808
-7808
-7808
3904
3904
3904
3904
3904
3904
3904
3904
10416
10416
10416
10416
10416
10416
10416
10416
-704
-704
-704
-704
-704
-704
-704
-704
-3120
-3120
-3120
-3120
-3120
-3120
-3120
-3120
4000
4000
4000
4000
4000
4000
4000
4000
160
160
160
160
160
160
160
160
-1152
-1152
-1152
-1152
-1152
-1152
-1152
-1152
1760
1760
1760
1760
1760
1760
1760
1760
1280
1280
1280
1280
1280
1280
1280
1280
-2608
-2608
-2608
-2608
-2608
-2608
-2608
-2608
-5152
-5152
-5152
-5152
-5152
-5152
-5152
-5152
-3472
-3472
-3472
-3472
-3472
-3472
-3472
-3472
-4464
-4464
-4464
-4464
-4464
-4464
-4464
-4464
736
736
736
736
736
736
736
736
1504
1504
1504
1504
1504
1504
1504
1504
-4528
-4528
-4528
-4528
-4528
-4528
-4528
-4528
-2912
-2912
-2912
-2912
-2912
-2912
-2912
-2912
-2160
-2160
-2160
-2160
-2160
-2160
-2160
-2160
-768
-768
-768
-768
-768
-768
-768
-768
-368
-368
-368
-368
-368
-368
-368
-368
-6624
-6624
-6624
-6624
-6624
-6624
-6624
-6624
-3104
-3104
-3104
-3104
-3104
-3104
-3104
-3104
3632
3632
3632
3632
3632
3632
3632
3632
960
960
960
960
960
960
960
960
-2480
-2480
-2480
-2480
-2480
-2480
-2480
-2480
1120
1120
1120
1120
1120
1120
1120
1120
-304
-304
-304
-304
-304
-304
-304
-304
-4400
-4400
-4400
-4400
-4400
-4400
-4400
-4400
-1536
-1536
-1536
-1536
-1536
-1536
-1536
-1536
288
288
288
288
288
288
288
288
4944
4944
4944
4944
4944
4944
4944
4944
8768
8768
8768
8768
8768
8768
8768
8768
416
416
416
416
416
416
416
416
1648
1648
1648
1648
1648
1648
1648
1648
10064
10064
10064
10064
10064
10064
10064
10064
3328
3328
3328
3328
3328
3328
3328
3328
1232
1232
1232
1232
1232
1232
1232
1232
944
944
944
944
944
944
944
944
-8528
-8528
-8528
-8528
-8528
-8528
-8528
-8528
-4928
-4928
-4928
-4928
-4928
-4928
-4928
-4928
-48
-48
-48
-48
-48
-48
-48
-48
-2576
-2576
-2576
-2576
-2576
-2576
-2576
-2576
592
592
592
592
592
592
592
592
-5664
-5664
-5664
-5664
-5664
-5664
-5664
-5664
-3552
-3552
-3552
-3552
-3552
-3552
-3552
-3552
3680
3680
3680
3680
3680
3680
3680
3680
2800
2800
2800
2800
2800
2800
2800
2800
1792
1792
1792
1792
1792
1792
1792
1792
-3280
-3280
-3280
-3280
-3280
-3280
-3280
-3280
-3920
-3920
-3920
-3920
-3920
-3920
-3920
-3920
800
800
800
800
800
800
800
800
-848
-848
-848
-848
-848
-848
-848
-848
-2432
-2432
-2432
-2432
-2432
-2432
-2432
-2432
1456
1456
1456
1456
1456
1456
1456
1456
-816
-816
-816
-816
-816
-816
-816
-816
-2352
-2352
-2352
-2352
-2352
-2352
-2352
-2352
2224
2224
2224
2224
2224
2224
2224
2224
1520
1520
1520
1520
1520
1520
1520
1520
-3952
-3952
-3952
-3952
-3952
-3952
-3952
-3952
1216
1216
1216
1216
1216
1216
1216
1216
2912
2912
2912
2912
2912
2912
2912
2912
-4752
-4752
-4752
-4752
-4752
-4752
-4752
-4752
-2176
-2176
-2176
-2176
-2176
-2176
-2176
-2176
-3168
-3168
-3168
-3168
-3168
-3168
-3168
-3168
-2896
-2896
-2896
-2896
-2896
-2896
-2896
-2896
3632
3632
3632
3632
3632
3632
3632
3632
1904
1904
1904
1904
1904
1904
1904
1904
7856
7856
7856
7856
7856
7856
7856
7856
1168
1168
1168
1168
1168
1168
1168
1168
-11600
-11600
-11600
-11600
-11600
-11600
-11600
-11600
-2768
-2768
-2768
-2768
-2768
-2768
-2768
-2768
-4208
-4208
-4208
-4208
-4208
-4208
-4208
-4208
-4992
-4992
-4992
-4992
-4992
-4992
-4992
-4992
7632
7632
7632
7632
7632
7632
7632
7632
7520
7520
7520
7520
7520
7520
7520
7520
6928
6928
6928
6928
6928
6928
6928
6928
5184
5184
5184
5184
5184
5184
5184
5184
1168
1168
1168
1168
1168
1168
1168
1168
5664
5664
5664
5664
5664
5664
5664
5664
9472
9472
9472
9472
9472
9472
9472
9472
10080
10080
10080
10080
10080
10080
10080
10080
1296
1296
1296
1296
1296
1296
1296
1296
-6848
-6848
-6848
-6848
-6848
-6848
-6848
-6848
-48
-48
-48
-48
-48
-48
-48
-48
2048
2048
2048
2048
2048
2048
2048
2048
-2512
-2512
-2512
-2512
-2512
-2512
-2512
-2512
-1296
-1296
-1296
-1296
-1296
-1296
-1296
-1296
-2208
-2208
-2208
-2208
-2208
-2208
-2208
-2208
-5856
-5856
-5856
-5856
-5856
-5856
-5856
-5856
2560
2560
2560
2560
2560
2560
2560
2560
8016
8016
8016
8016
8016
8016
8016
8016
-1616
-1616
-1616
-1616
-1616
-1616
-1616
-1616
-6800
-6800
-6800
-6800
-6800
-6800
-6800
-6800
-368
-368
-368
-368
-368
-368
-368
-368
1280
1280
1280
1280
1280
1280
1280
1280
784
784
784
784
784
784
784
784
-384
-384
-384
-384
-384
-384
-384
-384
-5056
-5056
-5056
-5056
-5056
-5056
-5056
-5056
576
576
576
576
576
576
576
576
5072
5072
5072
5072
5072
5072
5072
5072
-6464
-6464
-6464
-6464
-6464
-6464
-6464
-6464
-3632
-3632
-3632
-3632
-3632
-3632
-3632
-3632
7328
7328
7328
7328
7328
7328
7328
7328
-848
-848
-848
-848
-848
-848
-848
-848
-2960
-2960
-2960
-2960
-2960
-2960
-2960
-2960
1424
1424
1424
1424
1424
1424
1424
1424
400
400
400
400
400
400
400
400
-4144
-4144
-4144
-4144
-4144
-4144
-4144
-4144
-7632
-7632
-7632
-7632
-7632
-7632
-7632
-7632
-1600
-1600
-1600
-1600
-1600
-1600
-1600
-1600
4176
4176
4176
4176
4176
4176
4176
4176
1296
1296
1296
1296
1296
1296
1296
1296
-3248
-3248
-3248
-3248
-3248
-3248
-3248
-3248
-3840
-3840
-3840
-3840
-3840
-3840
-3840
-3840
720
720
720
720
720
720
720
720
-784
-784
-784
-784
-784
-784
-784
-784
-2464
-2464
-2464
-2464
-2464
-2464
-2464
-2464
1376
1376
1376
1376
1376
1376
1376
1376
-736
-736
-736
-736
-736
-736
-736
-736
-2512
-2512
-2512
-2512
-2512
-2512
-2512
-2512
2256
2256
2256
2256
2256
2256
2256
2256
1552
1552
1552
1552
1552
1552
1552
1552
-4016
-4016
-4016
-4016
-4016
-4016
-4016
-4016
1200
1200
1200
1200
1200
1200
1200
1200
3024
3024
3024
3024
3024
3024
3024
3024
-5024
-5024
-5024
-5024
-5024
-5024
-5024
-5024
2768
2768
2768
2768
2768
2768
2768
2768
10288
10288
10288
10288
10288
10288
10288
10288
-2032
-2032
-2032
-2032
-2032
-2032
-2032
-2032
-4128
-4128
-4128
-4128
-4128
-4128
-4128
-4128
-928
-928
-928
-928
-928
-928
-928
-928
-6864
-6864
-6864
-6864
-6864
-6864
-6864
-6864
-5424
-5424
-5424
-5424
-5424
-5424
-5424
-5424
-4768
-4768
-4768
-4768
-4768
-4768
-4768
-4768
-1712
-1712
-1712
-1712
-1712
-1712
-1712
-1712
512
512
512
512
512
512
512
512
240
240
240
240
240
240
240
240
3856
3856
3856
3856
3856
3856
3856
3856
1120
1120
1120
1120
1120
1120
1120
1120
3296
3296
3296
3296
3296
3296
3296
3296
5616
5616
5616
5616
5616
5616
5616
5616
-576
-576
-576
-576
-576
-576
-576
-576
-7024
-7024
-7024
-7024
-7024
-7024
-7024
-7024
-4368
-4368
-4368
-4368
-4368
-4368
-4368
-4368
5184
5184
5184
5184
5184
5184
5184
5184
2144
2144
2144
2144
2144
2144
2144
2144
1520
1520
1520
1520
1520
1520
1520
1520
8096
8096
8096
8096
8096
8096
8096
8096
4272
4272
4272
4272
4272
4272
4272
4272
4528
4528
4528
4528
4528
4528
4528
4528
-1312
-1312
-1312
-1312
-1312
-1312
-1312
-1312
-704
-704
-704
-704
-704
-704
-704
-704
10432
10432
10432
10432
10432
10432
10432
10432
-560
-560
-560
-560
-560
-560
-560
-560
1824
1824
1824
1824
1824
1824
1824
1824
8560
8560
8560
8560
8560
8560
8560
8560
-1904
-1904
-1904
-1904
-1904
-1904
-1904
-1904
-2864
-2864
-2864
-2864
-2864
-2864
-2864
-2864
-6704
-6704
-6704
-6704
-6704
-6704
-6704
-6704
-8304
-8304
-8304
-8304
-8304
-8304
-8304
-8304
-576
-576
-576
-576
-576
-576
-576
-576
-2560
-2560
-2560
-2560
-2560
-2560
-2560
-2560
-752
-752
-752
-752
-752
-752
-752
-752
2496
2496
2496
2496
2496
2496
2496
2496
-5328
-5328
-5328
-5328
-5328
-5328
-5328
-5328
-9280
-9280
-9280
-9280
-9280
-9280
-9280
-9280
224
224
224
224
224
224
224
224
8720
8720
8720
8720
8720
8720
8720
8720
4976
4976
4976
4976
4976
4976
4976
4976
-3184
-3184
-3184
-3184
-3184
-3184
-3184
-3184
-4880
-4880
-4880
-4880
-4880
-4880
-4880
-4880
-2944
-2944
-2944
-2944
-2944
-2944
-2944
-2944
-32
-32
-32
-32
-32
-32
-32
-32
1312
1312
1312
1312
1312
1312
1312
1312
-1360
-1360
-1360
-1360
-1360
-1360
-1360
-1360
-4112
-4112
-4112
-4112
-4112
-4112
-4112
-4112
-2160
-2160
-2160
-2160
-2160
-2160
-2160
-2160
0
0
0
0
0
0
0
0
3232
3232
3232
3232
3232
3232
3232
3232
-3008
-3008
-3008
-3008
-3008
-3008
-3008
-3008
-8912
-8912
-8912
-8912
-8912
-8912
-8912
-8912
2880
2880
2880
2880
2880
2880
2880
2880
4528
4528
4528
4528
4528
4528
4528
4528
-4320
-4320
-4320
-4320
-4320
-4320
-4320
-4320
-448
-448
-448
-448
-448
-448
-448
-448
2128
2128
2128
2128
2128
2128
2128
2128
416
416
416
416
416
416
416
416
5328
5328
5328
5328
5328
5328
5328
5328
6336
6336
6336
6336
6336
6336
6336
6336
-3152
-3152
-3152
-3152
-3152
-3152
-3152
-3152
2176
2176
2176
2176
2176
2176
2176
2176
10464
10464
10464
10464
10464
10464
10464
10464
-2064
-2064
-2064
-2064
-2064
-2064
-2064
-2064
-4096
-4096
-4096
-4096
-4096
-4096
-4096
-4096
-976
-976
-976
-976
-976
-976
-976
-976
-6672
-6672
-6672
-6672
-6672
-6672
-6672
-6672
-5552
-5552
-5552
-5552
-5552
-5552
-5552
-5552
-4784
-4784
-4784
-4784
-4784
-4784
-4784
-4784
-1536
-1536
-1536
-1536
-1536
-1536
-1536
-1536
352
352
352
352
352
352
352
352
384
384
384
384
384
384
384
384
3712
3712
3712
3712
3712
3712
3712
3712
1184
1184
1184
1184
1184
1184
1184
1184
3104
3104
3104
3104
3104
3104
3104
3104
5776
5776
5776
5776
5776
5776
5776
5776
608
608
608
608
608
608
608
608
1856
1856
1856
1856
1856
1856
1856
1856
2432
2432
2432
2432
2432
2432
2432
2432
656
656
656
656
656
656
656
656
-1680
-1680
-1680
-1680
-1680
-1680
-1680
-1680
-3328
-3328
-3328
-3328
-3328
-3328
-3328
-3328
3024
3024
3024
3024
3024
3024
3024
3024
-944
-944
-944
-944
-944
-944
-944
-944
-1936
-1936
-1936
-1936
-1936
-1936
-1936
-1936
9264
9264
9264
9264
9264
9264
9264
9264
1408
1408
1408
1408
1408
1408
1408
1408
-8032
-8032
-8032
-8032
-8032
-8032
-8032
-8032
-4416
-4416
-4416
-4416
-4416
-4416
-4416
-4416
-2512
-2512
-2512
-2512
-2512
-2512
-2512
-2512
528
528
528
528
528
528
528
528
512
512
512
512
512
512
512
512
4432
4432
4432
4432
4432
4432
4432
4432
6192
6192
6192
6192
6192
6192
6192
6192
-2832
-2832
-2832
-2832
-2832
-2832
-2832
-2832
-5360
-5360
-5360
-5360
-5360
-5360
-5360
-5360
-2432
-2432
-2432
-2432
-2432
-2432
-2432
-2432
3664
3664
3664
3664
3664
3664
3664
3664
6480
6480
6480
6480
6480
6480
6480
6480
624
624
624
624
624
624
624
624
-1136
-1136
-1136
-1136
-1136
-1136
-1136
-1136
-160
-160
-160
-160
-160
-160
-160
-160
2000
2000
2000
2000
2000
2000
2000
2000
3808
3808
3808
3808
3808
3808
3808
3808
-2240
-2240
-2240
-2240
-2240
-2240
-2240
-2240
-10080
-10080
-10080
-10080
-10080
-10080
-10080
-10080
-8752
-8752
-8752
-8752
-8752
-8752
-8752
-8752
2464
2464
2464
2464
2464
2464
2464
2464
3808
3808
3808
3808
3808
3808
3808
3808
-4128
-4128
-4128
-4128
-4128
-4128
-4128
-4128
2128
2128
2128
2128
2128
2128
2128
2128
2064
2064
2064
